v0 1 13 9
v0 2 9 1
v0 3 10 13
v0 4 11 3
v0 5 3 3
v0 6 10 6
v0 7 13 4
v0 8 2 8
v0 9 0 4
v0 10 11 4
v0 11 9 13
v0 12 13 7
v0 13 2 10
v0 14 9 1
v0 15 7 6
v0 16 14 8
v0 17 5 0
v0 18 7 14
v0 19 12 5
v0 20 3 4
v0 21 2 9
v0 22 6 1
v0 23 11 8
v0 24 1 2
v0 25 3 11
v0 26 4 8
v0 27 12 13
v0 28 13 5
v0 29 5 5
v0 30 1 11
v0 31 5 3
v0 32 10 11
v0 33 0 7
v0 34 1 9
v0 35 2 14
v0 36 10 11
v0 37 8 4
v0 38 14 13
v0 39 5 11
v0 40 1 1
v0 41 5 10
v0 42 9 3
v0 43 10 15
v0 44 14 6
v0 45 15 12
v0 46 2 7
v0 47 4 15
v0 48 5 2
v0 49 7 0
v0 50 12 13
v0 51 2 5
v0 52 0 13
v0 53 7 10
v0 54 12 13
v0 55 8 4
v0 56 9 12
v0 57 10 3
v0 58 12 4
v0 59 0 9
v0 60 12 0
v0 61 0 4
v0 62 4 13
v0 63 1 1
v0 64 13 13
v1 1 3 6
v1 2 2 12
v1 3 3 7
v1 4 15 15
v1 5 10 0
v1 6 8 8
v1 7 1 15
v1 8 0 14
v1 9 15 2
v1 10 8 15
v1 11 1 5
v1 12 4 0
v1 13 13 6
v1 14 2 7
v1 15 14 12
v1 16 13 10
v1 17 2 5
v1 18 13 9
v1 19 14 14
v1 20 14 2
v1 21 4 2
v1 22 4 6
v1 23 13 14
v1 24 15 5
v1 25 0 0
v1 26 11 11
v1 27 6 8
v1 28 7 1
v1 29 7 2
v1 30 5 14
v1 31 5 8
v1 32 13 14
v1 33 7 1
v1 34 15 6
v1 35 7 0
v1 36 14 4
v1 37 9 3
v1 38 15 0
v1 39 1 10
v1 40 0 12
v1 41 5 15
v1 42 15 4
v1 43 1 9
v1 44 4 0
v1 45 14 4
v1 46 12 9
v1 47 10 13
v1 48 8 13
v1 49 7 3
v1 50 1 15
v1 51 14 5
v1 52 1 10
v1 53 9 13
v1 54 15 9
v1 55 2 14
v1 56 14 2
v1 57 10 6
v1 58 3 10
v1 59 12 13
v1 60 14 11
v1 61 4 12
v1 62 1 6
v1 63 1 4
v1 64 5 5
v2 1 0 11
v2 2 10 0
v2 3 3 2
v2 4 0 4
v2 5 0 1
v2 6 4 14
v2 7 2 0
v2 8 12 8
v2 9 4 13
v2 10 13 14
v2 11 8 4
v2 12 5 9
v2 13 8 12
v2 14 4 4
v2 15 9 11
v2 16 9 9
v2 17 3 1
v2 18 8 0
v2 19 3 0
v2 20 6 13
v2 21 3 14
v2 22 8 9
v2 23 9 7
v2 24 8 0
v2 25 9 7
v2 26 4 8
v2 27 2 1
v2 28 15 6
v2 29 12 2
v2 30 1 2
v2 31 6 11
v2 32 15 12
v2 33 8 7
v2 34 4 7
v2 35 15 9
v2 36 3 13
v2 37 4 12
v2 38 11 1
v2 39 10 10
v2 40 1 14
v2 41 0 10
v2 42 1 9
v2 43 0 10
v2 44 2 9
v2 45 5 11
v2 46 12 12
v2 47 13 2
v2 48 5 0
v2 49 15 10
v2 50 9 2
v2 51 4 7
v2 52 0 8
v2 53 1 2
v2 54 1 8
v2 55 14 9
v2 56 9 15
v2 57 14 9
v2 58 14 6
v2 59 3 6
v2 60 3 9
v2 61 4 3
v2 62 4 15
v2 63 0 2
v2 64 14 0
v3 1 2 9
v3 2 8 6
v3 3 5 7
v3 4 10 4
v3 5 2 9
v3 6 9 10
v3 7 12 2
v3 8 13 8
v3 9 14 6
v3 10 13 9
v3 11 13 8
v3 12 15 2
v3 13 1 11
v3 14 5 12
v3 15 3 9
v3 16 5 12
v3 17 13 4
v3 18 10 14
v3 19 13 3
v3 20 10 9
v3 21 13 9
v3 22 3 5
v3 23 5 11
v3 24 2 6
v3 25 1 6
v3 26 13 15
v3 27 1 7
v3 28 14 12
v3 29 10 0
v3 30 14 2
v3 31 2 4
v3 32 2 12
v3 33 10 4
v3 34 6 3
v3 35 10 14
v3 36 9 14
v3 37 12 7
v3 38 7 11
v3 39 2 14
v3 40 0 6
v3 41 2 11
v3 42 6 9
v3 43 3 2
v3 44 3 11
v3 45 3 6
v3 46 1 4
v3 47 5 7
v3 48 6 15
v3 49 0 0
v3 50 12 11
v3 51 8 8
v3 52 14 6
v3 53 13 12
v3 54 1 8
v3 55 11 12
v3 56 0 10
v3 57 10 1
v3 58 14 6
v3 59 11 4
v3 60 7 13
v3 61 7 0
v3 62 12 11
v3 63 9 2
v3 64 1 10
v4 1 10 3
v4 2 4 15
v4 3 7 3
v4 4 12 1
v4 5 10 13
v4 6 4 8
v4 7 13 1
v4 8 9 13
v4 9 14 2
v4 10 1 3
v4 11 6 5
v4 12 15 0
v4 13 4 9
v4 14 2 13
v4 15 7 9
v4 16 2 9
v4 17 14 1
v4 18 3 9
v4 19 7 8
v4 20 1 13
v4 21 4 5
v4 22 6 9
v4 23 11 8
v4 24 3 10
v4 25 13 7
v4 26 12 5
v4 27 1 15
v4 28 8 8
v4 29 6 10
v4 30 11 15
v4 31 0 4
v4 32 3 12
v4 33 4 1
v4 34 2 4
v4 35 6 9
v4 36 1 2
v4 37 7 5
v4 38 11 4
v4 39 15 7
v4 40 8 13
v4 41 6 14
v4 42 12 4
v4 43 1 13
v4 44 10 5
v4 45 1 3
v4 46 11 0
v4 47 0 7
v4 48 10 5
v4 49 9 11
v4 50 2 3
v4 51 4 12
v4 52 10 12
v4 53 14 11
v4 54 6 8
v4 55 3 2
v4 56 6 3
v4 57 6 9
v4 58 15 11
v4 59 5 1
v4 60 11 5
v4 61 9 12
v4 62 13 7
v4 63 1 3
v4 64 14 15
v5 1 2 13
v5 2 1 0
v5 3 15 9
v5 4 13 0
v5 5 14 8
v5 6 9 11
v5 7 1 15
v5 8 15 12
v5 9 6 2
v5 10 4 8
v5 11 7 3
v5 12 12 10
v5 13 2 8
v5 14 6 12
v5 15 15 9
v5 16 7 2
v5 17 4 2
v5 18 15 6
v5 19 1 10
v5 20 14 4
v5 21 12 5
v5 22 5 8
v5 23 7 15
v5 24 14 4
v5 25 15 9
v5 26 7 1
v5 27 1 8
v5 28 0 11
v5 29 10 10
v5 30 11 15
v5 31 12 5
v5 32 13 15
v5 33 11 3
v5 34 6 11
v5 35 1 8
v5 36 15 0
v5 37 13 13
v5 38 4 11
v5 39 10 4
v5 40 2 13
v5 41 15 7
v5 42 15 12
v5 43 13 13
v5 44 2 5
v5 45 12 9
v5 46 6 12
v5 47 3 4
v5 48 13 12
v5 49 5 9
v5 50 3 4
v5 51 0 11
v5 52 6 0
v5 53 14 4
v5 54 12 6
v5 55 3 3
v5 56 0 4
v5 57 0 15
v5 58 12 14
v5 59 7 6
v5 60 14 8
v5 61 7 8
v5 62 11 12
v5 63 9 4
v5 64 0 1
v6 1 8 14
v6 2 8 13
v6 3 7 9
v6 4 9 1
v6 5 6 1
v6 6 3 2
v6 7 10 1
v6 8 6 13
v6 9 5 9
v6 10 15 10
v6 11 7 14
v6 12 9 7
v6 13 13 11
v6 14 13 14
v6 15 8 1
v6 16 14 8
v6 17 13 6
v6 18 7 1
v6 19 4 13
v6 20 6 2
v6 21 12 15
v6 22 6 2
v6 23 7 12
v6 24 13 1
v6 25 7 11
v6 26 4 4
v6 27 0 3
v6 28 9 6
v6 29 7 3
v6 30 15 13
v6 31 9 13
v6 32 13 11
v6 33 11 11
v6 34 14 9
v6 35 0 2
v6 36 11 11
v6 37 3 0
v6 38 9 11
v6 39 1 0
v6 40 3 2
v6 41 15 12
v6 42 1 9
v6 43 4 0
v6 44 3 11
v6 45 13 1
v6 46 4 12
v6 47 4 1
v6 48 7 2
v6 49 7 3
v6 50 2 4
v6 51 2 5
v6 52 14 3
v6 53 5 15
v6 54 11 8
v6 55 1 0
v6 56 4 5
v6 57 11 1
v6 58 11 0
v6 59 1 10
v6 60 5 1
v6 61 15 7
v6 62 11 9
v6 63 3 7
v6 64 10 3
v7 1 4 3
v7 2 15 9
v7 3 5 15
v7 4 7 1
v7 5 3 10
v7 6 9 2
v7 7 1 15
v7 8 13 1
v7 9 15 10
v7 10 13 6
v7 11 12 10
v7 12 11 9
v7 13 9 5
v7 14 0 6
v7 15 1 0
v7 16 14 13
v7 17 12 13
v7 18 15 15
v7 19 10 11
v7 20 8 4
v7 21 13 10
v7 22 8 5
v7 23 11 13
v7 24 2 11
v7 25 13 1
v7 26 2 5
v7 27 9 15
v7 28 1 13
v7 29 2 15
v7 30 9 9
v7 31 0 11
v7 32 10 15
v7 33 15 14
v7 34 5 4
v7 35 1 2
v7 36 13 3
v7 37 14 12
v7 38 0 13
v7 39 8 3
v7 40 6 6
v7 41 8 10
v7 42 12 0
v7 43 11 8
v7 44 5 6
v7 45 2 6
v7 46 3 15
v7 47 4 14
v7 48 0 9
v7 49 13 12
v7 50 11 14
v7 51 6 9
v7 52 5 3
v7 53 0 14
v7 54 8 13
v7 55 6 2
v7 56 1 5
v7 57 7 12
v7 58 7 5
v7 59 11 9
v7 60 8 4
v7 61 10 7
v7 62 11 11
v7 63 14 0
v7 64 4 14
v8 1 6 6
v8 2 3 4
v8 3 13 11
v8 4 0 11
v8 5 2 3
v8 6 9 13
v8 7 2 14
v8 8 13 14
v8 9 14 12
v8 10 1 8
v8 11 9 15
v8 12 14 3
v8 13 4 0
v8 14 10 7
v8 15 15 11
v8 16 0 11
v8 17 8 14
v8 18 9 15
v8 19 14 7
v8 20 1 4
v8 21 0 15
v8 22 9 14
v8 23 12 9
v8 24 6 8
v8 25 14 15
v8 26 10 5
v8 27 4 6
v8 28 2 13
v8 29 10 15
v8 30 10 12
v8 31 14 9
v8 32 10 13
v8 33 2 11
v8 34 13 5
v8 35 7 8
v8 36 8 5
v8 37 11 14
v8 38 0 7
v8 39 6 9
v8 40 14 14
v8 41 5 5
v8 42 7 3
v8 43 5 7
v8 44 4 10
v8 45 15 11
v8 46 2 0
v8 47 12 6
v8 48 3 0
v8 49 5 12
v8 50 14 5
v8 51 4 5
v8 52 2 7
v8 53 15 8
v8 54 8 9
v8 55 10 15
v8 56 2 12
v8 57 14 0
v8 58 5 2
v8 59 6 4
v8 60 2 8
v8 61 11 8
v8 62 13 8
v8 63 2 14
v8 64 0 0
v9 1 0 7
v9 2 11 10
v9 3 7 0
v9 4 11 11
v9 5 2 9
v9 6 5 2
v9 7 2 6
v9 8 2 15
v9 9 8 11
v9 10 10 13
v9 11 8 14
v9 12 14 10
v9 13 7 6
v9 14 14 7
v9 15 8 6
v9 16 2 0
v9 17 7 15
v9 18 11 5
v9 19 8 14
v9 20 4 10
v9 21 9 13
v9 22 14 9
v9 23 7 1
v9 24 6 8
v9 25 8 6
v9 26 2 4
v9 27 4 11
v9 28 15 14
v9 29 4 6
v9 30 0 11
v9 31 10 1
v9 32 11 4
v9 33 3 0
v9 34 3 10
v9 35 15 8
v9 36 14 13
v9 37 3 3
v9 38 10 13
v9 39 12 9
v9 40 14 15
v9 41 1 5
v9 42 12 5
v9 43 2 14
v9 44 15 5
v9 45 10 4
v9 46 0 1
v9 47 5 1
v9 48 10 11
v9 49 5 1
v9 50 4 13
v9 51 7 4
v9 52 1 13
v9 53 5 5
v9 54 9 5
v9 55 7 7
v9 56 4 6
v9 57 1 7
v9 58 12 9
v9 59 10 4
v9 60 13 3
v9 61 15 9
v9 62 3 8
v9 63 14 6
v9 64 10 10
v10 1 8 1
v10 2 5 0
v10 3 15 13
v10 4 9 1
v10 5 7 11
v10 6 3 0
v10 7 0 10
v10 8 15 11
v10 9 14 7
v10 10 5 1
v10 11 7 8
v10 12 0 15
v10 13 2 1
v10 14 15 13
v10 15 3 3
v10 16 7 15
v10 17 9 13
v10 18 4 15
v10 19 15 9
v10 20 4 3
v10 21 0 9
v10 22 3 9
v10 23 13 12
v10 24 0 13
v10 25 8 10
v10 26 2 11
v10 27 5 13
v10 28 7 0
v10 29 13 7
v10 30 15 11
v10 31 14 0
v10 32 11 8
v10 33 3 6
v10 34 6 8
v10 35 5 9
v10 36 1 11
v10 37 1 7
v10 38 9 0
v10 39 3 9
v10 40 4 9
v10 41 1 4
v10 42 11 10
v10 43 7 13
v10 44 2 9
v10 45 5 13
v10 46 10 13
v10 47 8 9
v10 48 1 6
v10 49 6 0
v10 50 2 12
v10 51 8 14
v10 52 14 9
v10 53 13 4
v10 54 11 2
v10 55 4 14
v10 56 15 1
v10 57 1 7
v10 58 5 7
v10 59 0 6
v10 60 2 10
v10 61 0 2
v10 62 6 12
v10 63 12 3
v10 64 7 0
v11 1 12 12
v11 2 3 13
v11 3 8 6
v11 4 6 3
v11 5 6 9
v11 6 5 0
v11 7 15 12
v11 8 13 1
v11 9 6 8
v11 10 9 15
v11 11 8 0
v11 12 11 9
v11 13 15 9
v11 14 15 12
v11 15 10 14
v11 16 1 12
v11 17 4 15
v11 18 3 6
v11 19 0 2
v11 20 11 12
v11 21 8 6
v11 22 8 8
v11 23 14 1
v11 24 4 2
v11 25 5 11
v11 26 8 1
v11 27 13 0
v11 28 15 14
v11 29 1 2
v11 30 3 3
v11 31 4 15
v11 32 8 12
v11 33 7 8
v11 34 2 14
v11 35 15 8
v11 36 15 5
v11 37 2 3
v11 38 11 14
v11 39 9 0
v11 40 3 11
v11 41 2 9
v11 42 10 5
v11 43 11 2
v11 44 9 5
v11 45 7 2
v11 46 13 11
v11 47 5 13
v11 48 15 12
v11 49 11 10
v11 50 10 5
v11 51 7 15
v11 52 2 12
v11 53 8 6
v11 54 5 12
v11 55 5 2
v11 56 12 9
v11 57 3 3
v11 58 12 4
v11 59 3 4
v11 60 13 14
v11 61 4 5
v11 62 8 1
v11 63 5 2
v11 64 11 7
v12 1 15 10
v12 2 6 12
v12 3 6 0
v12 4 13 15
v12 5 3 6
v12 6 3 6
v12 7 9 6
v12 8 8 4
v12 9 11 14
v12 10 3 11
v12 11 11 6
v12 12 13 11
v12 13 6 6
v12 14 5 10
v12 15 12 6
v12 16 11 12
v12 17 9 4
v12 18 8 15
v12 19 12 13
v12 20 10 4
v12 21 10 4
v12 22 12 1
v12 23 6 10
v12 24 14 14
v12 25 5 13
v12 26 3 6
v12 27 5 0
v12 28 12 9
v12 29 7 14
v12 30 10 4
v12 31 2 15
v12 32 3 9
v12 33 3 3
v12 34 15 9
v12 35 8 13
v12 36 9 1
v12 37 5 15
v12 38 4 8
v12 39 1 11
v12 40 13 10
v12 41 6 2
v12 42 15 4
v12 43 12 0
v12 44 11 0
v12 45 8 13
v12 46 15 13
v12 47 3 3
v12 48 3 12
v12 49 6 15
v12 50 12 0
v12 51 11 8
v12 52 8 5
v12 53 15 12
v12 54 7 1
v12 55 14 2
v12 56 6 10
v12 57 0 4
v12 58 15 12
v12 59 10 3
v12 60 9 12
v12 61 6 8
v12 62 4 2
v12 63 15 9
v12 64 10 1
v13 1 15 14
v13 2 15 11
v13 3 4 2
v13 4 2 9
v13 5 2 13
v13 6 8 6
v13 7 14 8
v13 8 5 11
v13 9 4 8
v13 10 3 15
v13 11 12 13
v13 12 9 3
v13 13 10 13
v13 14 9 14
v13 15 15 13
v13 16 3 11
v13 17 12 2
v13 18 14 2
v13 19 15 8
v13 20 3 11
v13 21 1 10
v13 22 15 10
v13 23 4 13
v13 24 4 5
v13 25 14 2
v13 26 0 4
v13 27 9 5
v13 28 4 8
v13 29 3 4
v13 30 7 8
v13 31 12 13
v13 32 13 7
v13 33 14 3
v13 34 12 10
v13 35 13 4
v13 36 10 0
v13 37 1 9
v13 38 8 4
v13 39 13 5
v13 40 15 9
v13 41 13 15
v13 42 15 8
v13 43 10 3
v13 44 9 2
v13 45 6 3
v13 46 14 6
v13 47 0 0
v13 48 12 3
v13 49 6 5
v13 50 0 15
v13 51 8 4
v13 52 10 15
v13 53 12 12
v13 54 14 6
v13 55 11 6
v13 56 12 0
v13 57 6 6
v13 58 1 14
v13 59 15 0
v13 60 9 3
v13 61 5 1
v13 62 6 8
v13 63 9 10
v13 64 5 14
v14 1 2 14
v14 2 0 13
v14 3 8 10
v14 4 12 12
v14 5 13 13
v14 6 14 2
v14 7 11 12
v14 8 2 13
v14 9 5 15
v14 10 9 15
v14 11 9 12
v14 12 10 15
v14 13 12 5
v14 14 5 12
v14 15 4 3
v14 16 7 14
v14 17 7 10
v14 18 4 14
v14 19 2 15
v14 20 15 13
v14 21 11 10
v14 22 1 3
v14 23 6 10
v14 24 3 6
v14 25 5 6
v14 26 15 0
v14 27 11 4
v14 28 9 12
v14 29 1 15
v14 30 15 1
v14 31 4 13
v14 32 8 14
v14 33 0 6
v14 34 15 10
v14 35 14 12
v14 36 13 14
v14 37 13 12
v14 38 11 13
v14 39 1 12
v14 40 6 11
v14 41 13 4
v14 42 1 13
v14 43 0 0
v14 44 3 13
v14 45 12 10
v14 46 0 4
v14 47 6 4
v14 48 2 11
v14 49 13 4
v14 50 13 4
v14 51 15 0
v14 52 14 3
v14 53 14 2
v14 54 12 2
v14 55 11 7
v14 56 7 7
v14 57 7 8
v14 58 14 4
v14 59 7 3
v14 60 12 3
v14 61 3 13
v14 62 1 10
v14 63 2 0
v14 64 10 3
v15 1 13 13
v15 2 15 12
v15 3 8 15
v15 4 8 6
v15 5 13 2
v15 6 2 0
v15 7 2 1
v15 8 4 11
v15 9 0 1
v15 10 6 3
v15 11 9 8
v15 12 6 8
v15 13 2 1
v15 14 7 0
v15 15 15 8
v15 16 4 10
v15 17 3 7
v15 18 10 0
v15 19 12 8
v15 20 2 2
v15 21 10 5
v15 22 7 13
v15 23 7 4
v15 24 8 2
v15 25 8 15
v15 26 1 6
v15 27 12 15
v15 28 9 9
v15 29 5 4
v15 30 2 3
v15 31 3 3
v15 32 12 12
v15 33 5 10
v15 34 6 11
v15 35 15 7
v15 36 6 3
v15 37 4 15
v15 38 6 4
v15 39 12 0
v15 40 6 8
v15 41 15 14
v15 42 3 12
v15 43 15 7
v15 44 9 13
v15 45 9 10
v15 46 11 10
v15 47 3 13
v15 48 11 0
v15 49 15 14
v15 50 11 6
v15 51 6 13
v15 52 8 4
v15 53 11 9
v15 54 6 14
v15 55 2 6
v15 56 0 2
v15 57 0 7
v15 58 1 9
v15 59 0 2
v15 60 14 3
v15 61 7 4
v15 62 0 8
v15 63 8 0
v15 64 5 11
v16 1 13 6
v16 2 0 10
v16 3 9 5
v16 4 14 15
v16 5 14 7
v16 6 0 10
v16 7 11 8
v16 8 7 0
v16 9 8 6
v16 10 0 13
v16 11 2 12
v16 12 5 12
v16 13 14 0
v16 14 11 10
v16 15 10 7
v16 16 5 14
v16 17 8 4
v16 18 6 10
v16 19 4 8
v16 20 15 0
v16 21 13 15
v16 22 13 0
v16 23 13 2
v16 24 4 10
v16 25 11 3
v16 26 2 8
v16 27 9 13
v16 28 9 6
v16 29 0 11
v16 30 10 3
v16 31 0 8
v16 32 0 11
v16 33 0 5
v16 34 2 2
v16 35 15 6
v16 36 0 5
v16 37 3 15
v16 38 6 11
v16 39 15 9
v16 40 10 13
v16 41 1 2
v16 42 11 11
v16 43 1 13
v16 44 13 10
v16 45 11 12
v16 46 6 2
v16 47 5 3
v16 48 1 0
v16 49 14 10
v16 50 10 12
v16 51 10 14
v16 52 0 7
v16 53 3 0
v16 54 12 12
v16 55 11 6
v16 56 5 0
v16 57 10 7
v16 58 2 4
v16 59 12 15
v16 60 1 2
v16 61 6 9
v16 62 10 8
v16 63 0 7
v16 64 7 6
v17 1 5 6
v17 2 14 12
v17 3 6 2
v17 4 3 2
v17 5 14 7
v17 6 8 5
v17 7 3 10
v17 8 0 9
v17 9 2 14
v17 10 14 3
v17 11 6 4
v17 12 14 12
v17 13 1 12
v17 14 7 4
v17 15 5 8
v17 16 11 6
v17 17 0 14
v17 18 9 12
v17 19 5 9
v17 20 14 13
v17 21 2 1
v17 22 11 6
v17 23 14 14
v17 24 9 10
v17 25 8 1
v17 26 15 8
v17 27 11 14
v17 28 5 13
v17 29 10 4
v17 30 11 0
v17 31 2 14
v17 32 15 2
v17 33 8 11
v17 34 5 10
v17 35 1 14
v17 36 12 13
v17 37 8 3
v17 38 2 10
v17 39 8 11
v17 40 1 2
v17 41 14 15
v17 42 11 14
v17 43 5 0
v17 44 8 0
v17 45 6 9
v17 46 12 7
v17 47 3 7
v17 48 10 14
v17 49 14 13
v17 50 3 1
v17 51 14 15
v17 52 8 4
v17 53 1 9
v17 54 8 14
v17 55 13 3
v17 56 15 0
v17 57 11 2
v17 58 11 13
v17 59 11 7
v17 60 9 15
v17 61 15 2
v17 62 1 8
v17 63 5 3
v17 64 0 8
v18 1 4 9
v18 2 7 6
v18 3 7 6
v18 4 1 9
v18 5 0 11
v18 6 6 6
v18 7 14 10
v18 8 4 9
v18 9 15 11
v18 10 12 14
v18 11 4 3
v18 12 7 8
v18 13 6 4
v18 14 10 4
v18 15 11 11
v18 16 10 5
v18 17 6 7
v18 18 2 8
v18 19 2 6
v18 20 8 11
v18 21 13 8
v18 22 6 14
v18 23 5 15
v18 24 1 8
v18 25 9 8
v18 26 11 6
v18 27 15 5
v18 28 8 3
v18 29 10 13
v18 30 1 7
v18 31 9 7
v18 32 11 5
v18 33 2 7
v18 34 13 4
v18 35 6 11
v18 36 7 7
v18 37 1 9
v18 38 11 0
v18 39 12 3
v18 40 14 15
v18 41 6 4
v18 42 7 15
v18 43 0 14
v18 44 6 11
v18 45 12 8
v18 46 4 11
v18 47 13 0
v18 48 1 11
v18 49 2 4
v18 50 1 12
v18 51 1 14
v18 52 0 1
v18 53 0 10
v18 54 0 4
v18 55 0 11
v18 56 3 6
v18 57 12 1
v18 58 6 9
v18 59 3 10
v18 60 1 4
v18 61 6 9
v18 62 1 15
v18 63 4 8
v18 64 9 5
v19 1 15 15
v19 2 4 7
v19 3 8 13
v19 4 7 5
v19 5 6 0
v19 6 1 7
v19 7 14 10
v19 8 13 15
v19 9 4 13
v19 10 10 9
v19 11 9 1
v19 12 3 7
v19 13 1 13
v19 14 8 6
v19 15 13 14
v19 16 7 9
v19 17 9 2
v19 18 5 13
v19 19 11 0
v19 20 5 10
v19 21 15 13
v19 22 1 0
v19 23 3 7
v19 24 3 15
v19 25 1 6
v19 26 5 6
v19 27 5 9
v19 28 7 9
v19 29 12 13
v19 30 9 15
v19 31 13 4
v19 32 1 5
v19 33 0 4
v19 34 8 9
v19 35 6 11
v19 36 13 3
v19 37 10 7
v19 38 4 5
v19 39 1 14
v19 40 14 10
v19 41 1 5
v19 42 12 2
v19 43 3 12
v19 44 15 4
v19 45 5 4
v19 46 0 11
v19 47 10 15
v19 48 1 9
v19 49 14 11
v19 50 5 12
v19 51 1 1
v19 52 8 8
v19 53 9 0
v19 54 1 7
v19 55 9 11
v19 56 0 13
v19 57 1 5
v19 58 14 11
v19 59 10 14
v19 60 15 13
v19 61 11 9
v19 62 1 4
v19 63 12 1
v19 64 2 8
v20 1 11 0
v20 2 14 4
v20 3 9 15
v20 4 7 15
v20 5 3 12
v20 6 5 15
v20 7 15 0
v20 8 1 14
v20 9 12 12
v20 10 1 15
v20 11 1 6
v20 12 14 3
v20 13 7 7
v20 14 14 13
v20 15 4 1
v20 16 10 3
v20 17 9 10
v20 18 2 7
v20 19 2 2
v20 20 6 8
v20 21 1 2
v20 22 0 4
v20 23 1 4
v20 24 6 10
v20 25 15 0
v20 26 4 15
v20 27 15 13
v20 28 14 13
v20 29 8 15
v20 30 0 12
v20 31 14 3
v20 32 10 8
v20 33 11 12
v20 34 3 11
v20 35 9 8
v20 36 11 8
v20 37 15 5
v20 38 8 11
v20 39 6 6
v20 40 6 14
v20 41 10 1
v20 42 12 3
v20 43 6 9
v20 44 15 0
v20 45 1 5
v20 46 9 6
v20 47 7 5
v20 48 12 6
v20 49 2 0
v20 50 8 1
v20 51 11 13
v20 52 4 12
v20 53 6 9
v20 54 11 14
v20 55 11 3
v20 56 0 11
v20 57 13 1
v20 58 4 15
v20 59 3 14
v20 60 7 6
v20 61 9 0
v20 62 3 3
v20 63 7 4
v20 64 5 5
v21 1 6 4
v21 2 4 3
v21 3 4 11
v21 4 11 4
v21 5 2 6
v21 6 2 10
v21 7 5 10
v21 8 13 3
v21 9 14 7
v21 10 3 3
v21 11 4 3
v21 12 14 4
v21 13 0 6
v21 14 3 12
v21 15 0 8
v21 16 7 7
v21 17 0 10
v21 18 6 5
v21 19 5 7
v21 20 11 2
v21 21 11 4
v21 22 2 8
v21 23 11 0
v21 24 15 1
v21 25 4 4
v21 26 6 5
v21 27 15 12
v21 28 0 13
v21 29 3 0
v21 30 9 10
v21 31 7 12
v21 32 6 5
v21 33 8 12
v21 34 15 6
v21 35 4 6
v21 36 15 13
v21 37 11 15
v21 38 2 13
v21 39 4 10
v21 40 11 8
v21 41 13 7
v21 42 7 1
v21 43 0 11
v21 44 6 13
v21 45 15 10
v21 46 6 6
v21 47 8 8
v21 48 7 4
v21 49 7 1
v21 50 2 7
v21 51 12 10
v21 52 8 1
v21 53 6 7
v21 54 8 8
v21 55 11 2
v21 56 10 5
v21 57 3 11
v21 58 13 8
v21 59 0 6
v21 60 10 0
v21 61 4 15
v21 62 4 4
v21 63 12 10
v21 64 5 3
v22 1 8 11
v22 2 6 0
v22 3 7 14
v22 4 2 11
v22 5 6 14
v22 6 9 10
v22 7 10 11
v22 8 9 4
v22 9 4 13
v22 10 0 10
v22 11 10 10
v22 12 7 14
v22 13 3 2
v22 14 0 1
v22 15 15 3
v22 16 5 2
v22 17 14 10
v22 18 11 9
v22 19 9 15
v22 20 8 0
v22 21 3 3
v22 22 15 15
v22 23 0 10
v22 24 7 15
v22 25 11 7
v22 26 4 2
v22 27 9 1
v22 28 5 11
v22 29 14 8
v22 30 7 1
v22 31 4 6
v22 32 9 1
v22 33 11 2
v22 34 13 0
v22 35 8 14
v22 36 4 11
v22 37 6 2
v22 38 12 10
v22 39 8 4
v22 40 14 12
v22 41 9 4
v22 42 11 1
v22 43 3 14
v22 44 13 9
v22 45 6 11
v22 46 15 15
v22 47 9 13
v22 48 2 1
v22 49 0 9
v22 50 11 4
v22 51 13 8
v22 52 8 1
v22 53 10 10
v22 54 4 14
v22 55 8 13
v22 56 2 8
v22 57 3 4
v22 58 9 4
v22 59 0 3
v22 60 15 13
v22 61 10 10
v22 62 15 10
v22 63 1 11
v22 64 2 5
v23 1 15 6
v23 2 10 9
v23 3 14 6
v23 4 4 11
v23 5 14 9
v23 6 2 4
v23 7 11 9
v23 8 5 3
v23 9 11 14
v23 10 10 12
v23 11 7 14
v23 12 11 10
v23 13 3 7
v23 14 1 13
v23 15 11 4
v23 16 15 15
v23 17 0 12
v23 18 1 4
v23 19 2 3
v23 20 7 15
v23 21 9 12
v23 22 8 14
v23 23 8 3
v23 24 1 3
v23 25 5 10
v23 26 4 3
v23 27 13 5
v23 28 4 11
v23 29 14 1
v23 30 9 12
v23 31 14 12
v23 32 7 11
v23 33 8 1
v23 34 0 2
v23 35 12 15
v23 36 13 3
v23 37 15 4
v23 38 15 11
v23 39 10 6
v23 40 8 11
v23 41 9 9
v23 42 9 14
v23 43 7 11
v23 44 9 4
v23 45 12 14
v23 46 4 0
v23 47 15 6
v23 48 3 5
v23 49 14 6
v23 50 7 9
v23 51 12 13
v23 52 5 6
v23 53 5 13
v23 54 9 12
v23 55 2 10
v23 56 0 4
v23 57 3 9
v23 58 0 13
v23 59 15 15
v23 60 3 8
v23 61 4 13
v23 62 8 12
v23 63 1 13
v23 64 3 14
v24 1 12 12
v24 2 1 14
v24 3 8 3
v24 4 9 15
v24 5 5 5
v24 6 6 6
v24 7 4 15
v24 8 4 12
v24 9 4 0
v24 10 12 13
v24 11 6 12
v24 12 14 8
v24 13 0 2
v24 14 8 6
v24 15 2 11
v24 16 11 10
v24 17 8 15
v24 18 14 0
v24 19 3 13
v24 20 13 11
v24 21 9 4
v24 22 6 15
v24 23 2 14
v24 24 5 14
v24 25 7 6
v24 26 9 14
v24 27 6 15
v24 28 10 4
v24 29 13 8
v24 30 4 14
v24 31 9 6
v24 32 13 4
v24 33 1 3
v24 34 12 0
v24 35 14 13
v24 36 3 6
v24 37 2 15
v24 38 7 5
v24 39 4 8
v24 40 8 0
v24 41 4 7
v24 42 1 7
v24 43 3 8
v24 44 2 8
v24 45 8 0
v24 46 11 9
v24 47 9 3
v24 48 0 15
v24 49 10 5
v24 50 2 2
v24 51 5 4
v24 52 4 7
v24 53 2 1
v24 54 7 12
v24 55 1 10
v24 56 11 2
v24 57 3 3
v24 58 14 6
v24 59 1 7
v24 60 9 8
v24 61 7 9
v24 62 10 7
v24 63 5 4
v24 64 2 2
v25 1 15 5
v25 2 2 11
v25 3 10 8
v25 4 1 0
v25 5 15 12
v25 6 7 6
v25 7 9 6
v25 8 6 8
v25 9 3 2
v25 10 3 2
v25 11 13 5
v25 12 14 7
v25 13 5 13
v25 14 15 0
v25 15 0 6
v25 16 2 1
v25 17 7 6
v25 18 15 2
v25 19 4 12
v25 20 4 4
v25 21 5 11
v25 22 6 0
v25 23 6 13
v25 24 9 4
v25 25 10 9
v25 26 5 13
v25 27 3 5
v25 28 12 3
v25 29 3 10
v25 30 15 12
v25 31 5 8
v25 32 10 14
v25 33 3 2
v25 34 12 7
v25 35 6 0
v25 36 11 7
v25 37 10 10
v25 38 11 8
v25 39 13 13
v25 40 9 9
v25 41 6 2
v25 42 10 7
v25 43 0 13
v25 44 3 2
v25 45 1 11
v25 46 0 5
v25 47 2 2
v25 48 6 9
v25 49 0 8
v25 50 12 9
v25 51 14 5
v25 52 3 12
v25 53 13 14
v25 54 4 12
v25 55 12 14
v25 56 10 8
v25 57 13 6
v25 58 0 1
v25 59 4 3
v25 60 2 8
v25 61 9 12
v25 62 8 8
v25 63 5 14
v25 64 0 3
v26 1 10 6
v26 2 3 10
v26 3 5 15
v26 4 10 5
v26 5 8 3
v26 6 7 7
v26 7 11 2
v26 8 6 2
v26 9 8 15
v26 10 12 7
v26 11 13 12
v26 12 3 8
v26 13 8 8
v26 14 7 11
v26 15 12 7
v26 16 9 10
v26 17 5 2
v26 18 13 12
v26 19 5 8
v26 20 4 11
v26 21 8 11
v26 22 2 15
v26 23 10 14
v26 24 4 1
v26 25 10 0
v26 26 5 9
v26 27 6 8
v26 28 12 14
v26 29 0 0
v26 30 0 1
v26 31 0 3
v26 32 9 12
v26 33 0 12
v26 34 1 12
v26 35 11 1
v26 36 0 13
v26 37 12 4
v26 38 10 11
v26 39 1 7
v26 40 2 9
v26 41 6 2
v26 42 5 14
v26 43 14 12
v26 44 8 0
v26 45 5 14
v26 46 14 4
v26 47 4 5
v26 48 15 8
v26 49 13 13
v26 50 12 10
v26 51 0 13
v26 52 14 9
v26 53 12 3
v26 54 8 13
v26 55 12 0
v26 56 1 5
v26 57 2 7
v26 58 6 0
v26 59 5 14
v26 60 15 13
v26 61 11 12
v26 62 6 5
v26 63 7 1
v26 64 12 9
v27 1 10 2
v27 2 0 15
v27 3 4 3
v27 4 7 5
v27 5 14 1
v27 6 15 7
v27 7 1 3
v27 8 12 15
v27 9 1 12
v27 10 7 12
v27 11 15 6
v27 12 1 15
v27 13 8 13
v27 14 11 11
v27 15 11 7
v27 16 5 10
v27 17 8 14
v27 18 2 8
v27 19 7 10
v27 20 6 7
v27 21 9 10
v27 22 9 0
v27 23 4 4
v27 24 11 8
v27 25 5 11
v27 26 9 9
v27 27 6 10
v27 28 2 12
v27 29 10 11
v27 30 6 11
v27 31 6 15
v27 32 9 12
v27 33 8 3
v27 34 10 2
v27 35 6 11
v27 36 7 10
v27 37 0 6
v27 38 13 0
v27 39 1 0
v27 40 14 13
v27 41 2 15
v27 42 8 13
v27 43 6 6
v27 44 0 1
v27 45 6 5
v27 46 15 2
v27 47 11 6
v27 48 4 1
v27 49 5 5
v27 50 6 11
v27 51 6 2
v27 52 13 7
v27 53 11 1
v27 54 14 9
v27 55 5 0
v27 56 9 3
v27 57 8 14
v27 58 4 9
v27 59 0 7
v27 60 12 1
v27 61 12 3
v27 62 0 1
v27 63 13 14
v27 64 3 4
v28 1 11 3
v28 2 11 6
v28 3 11 13
v28 4 4 6
v28 5 8 8
v28 6 11 1
v28 7 9 0
v28 8 10 2
v28 9 6 7
v28 10 7 2
v28 11 13 2
v28 12 5 4
v28 13 2 8
v28 14 12 7
v28 15 2 11
v28 16 8 10
v28 17 9 8
v28 18 6 7
v28 19 10 4
v28 20 12 13
v28 21 8 2
v28 22 7 9
v28 23 15 15
v28 24 6 5
v28 25 12 9
v28 26 15 7
v28 27 2 10
v28 28 9 8
v28 29 1 10
v28 30 4 7
v28 31 14 6
v28 32 8 11
v28 33 2 11
v28 34 2 15
v28 35 15 11
v28 36 9 8
v28 37 9 8
v28 38 10 0
v28 39 1 4
v28 40 13 7
v28 41 2 10
v28 42 4 10
v28 43 0 9
v28 44 0 8
v28 45 4 9
v28 46 3 12
v28 47 15 1
v28 48 15 11
v28 49 10 7
v28 50 11 0
v28 51 4 13
v28 52 10 6
v28 53 5 5
v28 54 5 5
v28 55 11 1
v28 56 6 15
v28 57 12 1
v28 58 4 13
v28 59 4 13
v28 60 9 0
v28 61 15 12
v28 62 1 14
v28 63 8 9
v28 64 4 9
v29 1 2 0
v29 2 1 13
v29 3 15 10
v29 4 5 7
v29 5 6 12
v29 6 2 1
v29 7 10 8
v29 8 4 1
v29 9 5 12
v29 10 14 6
v29 11 6 0
v29 12 15 6
v29 13 2 1
v29 14 6 7
v29 15 1 3
v29 16 12 13
v29 17 5 0
v29 18 5 13
v29 19 6 5
v29 20 9 14
v29 21 13 14
v29 22 4 10
v29 23 8 7
v29 24 1 13
v29 25 6 12
v29 26 7 3
v29 27 7 14
v29 28 5 13
v29 29 6 13
v29 30 15 12
v29 31 13 15
v29 32 2 15
v29 33 12 6
v29 34 0 15
v29 35 0 15
v29 36 4 9
v29 37 3 6
v29 38 7 9
v29 39 7 6
v29 40 11 8
v29 41 15 0
v29 42 12 6
v29 43 6 7
v29 44 1 10
v29 45 6 14
v29 46 4 15
v29 47 4 9
v29 48 13 10
v29 49 13 2
v29 50 15 7
v29 51 4 12
v29 52 14 12
v29 53 14 14
v29 54 11 11
v29 55 8 14
v29 56 12 14
v29 57 9 12
v29 58 5 8
v29 59 4 2
v29 60 14 14
v29 61 6 3
v29 62 1 2
v29 63 12 7
v29 64 0 10
v30 1 10 15
v30 2 8 3
v30 3 7 11
v30 4 4 2
v30 5 0 0
v30 6 15 8
v30 7 9 6
v30 8 9 13
v30 9 6 13
v30 10 2 13
v30 11 3 10
v30 12 6 2
v30 13 14 5
v30 14 9 2
v30 15 3 7
v30 16 1 2
v30 17 15 4
v30 18 7 15
v30 19 10 3
v30 20 9 13
v30 21 9 3
v30 22 6 12
v30 23 7 13
v30 24 7 5
v30 25 15 5
v30 26 11 4
v30 27 12 11
v30 28 1 4
v30 29 10 5
v30 30 5 0
v30 31 14 2
v30 32 10 8
v30 33 10 9
v30 34 0 6
v30 35 0 11
v30 36 13 6
v30 37 10 12
v30 38 7 13
v30 39 7 1
v30 40 5 7
v30 41 5 12
v30 42 15 8
v30 43 2 2
v30 44 8 3
v30 45 1 7
v30 46 14 3
v30 47 13 7
v30 48 4 3
v30 49 8 0
v30 50 9 9
v30 51 7 4
v30 52 0 0
v30 53 6 12
v30 54 3 1
v30 55 7 1
v30 56 9 5
v30 57 11 1
v30 58 11 14
v30 59 0 13
v30 60 4 8
v30 61 10 9
v30 62 9 14
v30 63 0 5
v30 64 9 3
v31 1 12 3
v31 2 11 14
v31 3 0 6
v31 4 10 15
v31 5 14 15
v31 6 3 15
v31 7 4 9
v31 8 4 8
v31 9 8 4
v31 10 5 11
v31 11 7 2
v31 12 9 7
v31 13 0 6
v31 14 11 2
v31 15 7 0
v31 16 3 10
v31 17 11 2
v31 18 8 14
v31 19 0 0
v31 20 12 9
v31 21 15 4
v31 22 6 5
v31 23 12 3
v31 24 12 1
v31 25 2 4
v31 26 4 10
v31 27 14 13
v31 28 3 6
v31 29 2 2
v31 30 6 10
v31 31 11 0
v31 32 0 10
v31 33 14 6
v31 34 0 7
v31 35 3 8
v31 36 9 15
v31 37 1 0
v31 38 7 3
v31 39 7 14
v31 40 0 4
v31 41 8 15
v31 42 9 9
v31 43 11 0
v31 44 9 2
v31 45 5 4
v31 46 4 5
v31 47 7 2
v31 48 2 9
v31 49 13 7
v31 50 15 4
v31 51 11 9
v31 52 15 8
v31 53 13 10
v31 54 4 2
v31 55 11 13
v31 56 6 0
v31 57 13 15
v31 58 8 3
v31 59 14 9
v31 60 14 4
v31 61 14 4
v31 62 2 0
v31 63 4 14
v31 64 0 8
v32 1 6 12
v32 2 4 8
v32 3 11 1
v32 4 13 13
v32 5 13 15
v32 6 10 6
v32 7 13 9
v32 8 6 15
v32 9 8 13
v32 10 4 11
v32 11 12 2
v32 12 13 12
v32 13 9 0
v32 14 13 10
v32 15 10 11
v32 16 11 6
v32 17 8 15
v32 18 9 10
v32 19 4 4
v32 20 12 2
v32 21 15 0
v32 22 8 0
v32 23 11 15
v32 24 9 6
v32 25 7 4
v32 26 1 9
v32 27 15 1
v32 28 2 15
v32 29 11 2
v32 30 7 10
v32 31 10 8
v32 32 8 5
v32 33 3 9
v32 34 8 14
v32 35 2 13
v32 36 1 1
v32 37 0 2
v32 38 15 3
v32 39 3 13
v32 40 8 10
v32 41 7 10
v32 42 9 14
v32 43 0 6
v32 44 2 3
v32 45 10 13
v32 46 0 15
v32 47 1 13
v32 48 3 1
v32 49 12 0
v32 50 6 3
v32 51 3 2
v32 52 9 1
v32 53 6 10
v32 54 10 9
v32 55 12 10
v32 56 3 4
v32 57 10 3
v32 58 3 14
v32 59 13 12
v32 60 4 12
v32 61 13 7
v32 62 3 14
v32 63 4 3
v32 64 8 13
v33 1 5 10
v33 2 4 0
v33 3 1 9
v33 4 12 2
v33 5 9 10
v33 6 2 15
v33 7 14 6
v33 8 1 8
v33 9 9 12
v33 10 10 12
v33 11 7 2
v33 12 5 11
v33 13 8 12
v33 14 4 13
v33 15 8 2
v33 16 6 12
v33 17 9 5
v33 18 0 3
v33 19 13 12
v33 20 13 9
v33 21 14 11
v33 22 2 13
v33 23 0 15
v33 24 13 7
v33 25 15 14
v33 26 3 3
v33 27 10 14
v33 28 0 3
v33 29 12 14
v33 30 5 13
v33 31 9 4
v33 32 1 10
v33 33 1 10
v33 34 14 10
v33 35 7 4
v33 36 10 6
v33 37 5 0
v33 38 7 6
v33 39 7 0
v33 40 9 5
v33 41 6 10
v33 42 9 12
v33 43 9 14
v33 44 4 9
v33 45 13 1
v33 46 7 3
v33 47 11 9
v33 48 1 14
v33 49 14 1
v33 50 1 0
v33 51 15 1
v33 52 1 13
v33 53 8 11
v33 54 9 3
v33 55 5 8
v33 56 13 12
v33 57 13 6
v33 58 0 13
v33 59 2 3
v33 60 7 13
v33 61 11 0
v33 62 9 0
v33 63 15 1
v33 64 14 6
v34 1 12 14
v34 2 3 15
v34 3 10 8
v34 4 13 5
v34 5 0 9
v34 6 4 5
v34 7 2 6
v34 8 9 12
v34 9 1 2
v34 10 12 7
v34 11 12 2
v34 12 14 8
v34 13 8 12
v34 14 15 1
v34 15 12 8
v34 16 11 6
v34 17 1 6
v34 18 0 1
v34 19 1 1
v34 20 4 10
v34 21 7 7
v34 22 12 1
v34 23 2 4
v34 24 6 11
v34 25 7 8
v34 26 10 2
v34 27 3 10
v34 28 0 4
v34 29 1 6
v34 30 15 9
v34 31 12 15
v34 32 11 9
v34 33 9 0
v34 34 9 8
v34 35 5 13
v34 36 1 4
v34 37 15 11
v34 38 12 1
v34 39 1 14
v34 40 2 4
v34 41 6 1
v34 42 0 12
v34 43 4 12
v34 44 3 4
v34 45 5 13
v34 46 6 14
v34 47 8 0
v34 48 3 3
v34 49 3 13
v34 50 9 7
v34 51 12 6
v34 52 6 9
v34 53 3 12
v34 54 3 15
v34 55 12 11
v34 56 2 5
v34 57 3 15
v34 58 11 14
v34 59 3 14
v34 60 4 4
v34 61 13 12
v34 62 11 15
v34 63 2 4
v34 64 6 13
v35 1 9 14
v35 2 3 0
v35 3 15 6
v35 4 9 6
v35 5 15 9
v35 6 1 9
v35 7 5 1
v35 8 7 5
v35 9 14 2
v35 10 14 2
v35 11 15 11
v35 12 0 3
v35 13 2 11
v35 14 8 12
v35 15 2 6
v35 16 15 6
v35 17 1 15
v35 18 2 7
v35 19 9 13
v35 20 2 6
v35 21 13 14
v35 22 14 0
v35 23 0 4
v35 24 5 13
v35 25 9 11
v35 26 14 3
v35 27 0 8
v35 28 6 7
v35 29 2 9
v35 30 15 9
v35 31 15 5
v35 32 7 9
v35 33 10 9
v35 34 7 13
v35 35 7 12
v35 36 6 2
v35 37 4 5
v35 38 8 11
v35 39 13 13
v35 40 12 14
v35 41 11 3
v35 42 9 12
v35 43 1 1
v35 44 7 11
v35 45 4 2
v35 46 4 9
v35 47 14 14
v35 48 8 14
v35 49 10 5
v35 50 1 9
v35 51 12 11
v35 52 1 15
v35 53 12 3
v35 54 4 6
v35 55 15 7
v35 56 6 5
v35 57 0 3
v35 58 14 12
v35 59 10 13
v35 60 3 7
v35 61 15 2
v35 62 1 1
v35 63 6 8
v35 64 1 11
v36 1 8 7
v36 2 15 8
v36 3 6 3
v36 4 0 9
v36 5 15 5
v36 6 9 13
v36 7 5 0
v36 8 7 6
v36 9 15 11
v36 10 12 12
v36 11 10 3
v36 12 9 4
v36 13 6 14
v36 14 15 6
v36 15 9 12
v36 16 0 12
v36 17 9 3
v36 18 1 10
v36 19 0 11
v36 20 15 8
v36 21 8 8
v36 22 1 15
v36 23 2 7
v36 24 13 11
v36 25 14 14
v36 26 4 9
v36 27 7 12
v36 28 12 7
v36 29 1 2
v36 30 5 4
v36 31 8 11
v36 32 8 15
v36 33 10 13
v36 34 14 5
v36 35 7 7
v36 36 9 7
v36 37 14 4
v36 38 11 6
v36 39 9 1
v36 40 3 0
v36 41 8 13
v36 42 7 5
v36 43 8 15
v36 44 9 13
v36 45 13 7
v36 46 0 6
v36 47 14 9
v36 48 11 6
v36 49 4 8
v36 50 14 3
v36 51 4 1
v36 52 4 0
v36 53 13 10
v36 54 0 5
v36 55 7 10
v36 56 10 15
v36 57 0 3
v36 58 12 4
v36 59 1 15
v36 60 14 5
v36 61 3 6
v36 62 5 13
v36 63 8 8
v36 64 6 9
v37 1 6 13
v37 2 0 10
v37 3 12 13
v37 4 11 6
v37 5 15 11
v37 6 8 9
v37 7 6 10
v37 8 8 14
v37 9 3 7
v37 10 12 6
v37 11 8 9
v37 12 11 12
v37 13 1 7
v37 14 5 1
v37 15 2 10
v37 16 11 11
v37 17 3 2
v37 18 12 3
v37 19 13 2
v37 20 3 10
v37 21 1 11
v37 22 2 10
v37 23 15 4
v37 24 4 9
v37 25 2 4
v37 26 8 14
v37 27 1 10
v37 28 10 12
v37 29 8 4
v37 30 14 2
v37 31 2 9
v37 32 2 13
v37 33 4 2
v37 34 4 8
v37 35 10 14
v37 36 2 8
v37 37 1 15
v37 38 1 1
v37 39 7 0
v37 40 0 7
v37 41 12 9
v37 42 6 8
v37 43 14 9
v37 44 13 6
v37 45 3 4
v37 46 7 4
v37 47 8 9
v37 48 15 0
v37 49 11 14
v37 50 13 9
v37 51 0 1
v37 52 2 13
v37 53 9 0
v37 54 12 4
v37 55 15 9
v37 56 14 1
v37 57 12 2
v37 58 4 9
v37 59 6 2
v37 60 2 9
v37 61 7 15
v37 62 14 15
v37 63 7 1
v37 64 13 4
v38 1 8 0
v38 2 13 3
v38 3 10 7
v38 4 4 9
v38 5 12 3
v38 6 7 2
v38 7 8 7
v38 8 14 15
v38 9 8 3
v38 10 14 15
v38 11 3 4
v38 12 2 7
v38 13 2 4
v38 14 2 2
v38 15 7 7
v38 16 1 12
v38 17 1 5
v38 18 2 6
v38 19 3 8
v38 20 12 8
v38 21 1 5
v38 22 1 2
v38 23 3 11
v38 24 10 8
v38 25 13 7
v38 26 1 3
v38 27 15 12
v38 28 0 6
v38 29 5 11
v38 30 11 11
v38 31 9 0
v38 32 10 14
v38 33 14 7
v38 34 5 2
v38 35 10 7
v38 36 11 9
v38 37 1 15
v38 38 12 1
v38 39 10 6
v38 40 14 0
v38 41 2 7
v38 42 10 12
v38 43 7 13
v38 44 2 2
v38 45 10 3
v38 46 2 10
v38 47 4 10
v38 48 8 6
v38 49 13 4
v38 50 7 0
v38 51 8 13
v38 52 15 10
v38 53 2 2
v38 54 15 11
v38 55 8 9
v38 56 15 11
v38 57 8 9
v38 58 7 2
v38 59 12 12
v38 60 3 7
v38 61 13 4
v38 62 12 6
v38 63 0 4
v38 64 15 13
v39 1 0 10
v39 2 14 1
v39 3 14 11
v39 4 4 6
v39 5 8 0
v39 6 6 12
v39 7 7 6
v39 8 12 11
v39 9 5 15
v39 10 6 6
v39 11 13 2
v39 12 14 9
v39 13 5 4
v39 14 8 15
v39 15 5 15
v39 16 0 0
v39 17 12 1
v39 18 11 12
v39 19 12 7
v39 20 12 12
v39 21 15 1
v39 22 5 11
v39 23 10 5
v39 24 4 10
v39 25 6 13
v39 26 13 15
v39 27 5 7
v39 28 4 13
v39 29 0 12
v39 30 14 11
v39 31 6 9
v39 32 14 14
v39 33 1 0
v39 34 3 4
v39 35 5 6
v39 36 10 15
v39 37 7 14
v39 38 14 7
v39 39 15 2
v39 40 10 10
v39 41 10 12
v39 42 6 1
v39 43 8 2
v39 44 5 3
v39 45 10 2
v39 46 10 0
v39 47 13 6
v39 48 12 6
v39 49 0 15
v39 50 6 13
v39 51 13 8
v39 52 6 6
v39 53 6 15
v39 54 11 0
v39 55 4 9
v39 56 11 6
v39 57 12 11
v39 58 6 7
v39 59 0 15
v39 60 0 6
v39 61 0 11
v39 62 5 1
v39 63 9 2
v39 64 12 8
v40 1 0 3
v40 2 0 12
v40 3 8 11
v40 4 3 2
v40 5 14 11
v40 6 1 2
v40 7 15 3
v40 8 3 0
v40 9 3 15
v40 10 10 8
v40 11 6 13
v40 12 6 3
v40 13 1 0
v40 14 12 1
v40 15 14 14
v40 16 11 3
v40 17 9 14
v40 18 4 12
v40 19 9 7
v40 20 6 1
v40 21 12 2
v40 22 3 13
v40 23 14 3
v40 24 7 9
v40 25 3 14
v40 26 12 1
v40 27 9 7
v40 28 11 13
v40 29 14 4
v40 30 13 7
v40 31 9 14
v40 32 1 13
v40 33 10 9
v40 34 8 0
v40 35 11 6
v40 36 6 11
v40 37 13 8
v40 38 2 10
v40 39 0 0
v40 40 3 8
v40 41 15 2
v40 42 7 6
v40 43 10 0
v40 44 2 2
v40 45 8 15
v40 46 2 6
v40 47 12 7
v40 48 1 12
v40 49 3 12
v40 50 3 5
v40 51 8 11
v40 52 1 12
v40 53 8 0
v40 54 10 12
v40 55 11 13
v40 56 2 15
v40 57 12 2
v40 58 13 2
v40 59 12 12
v40 60 14 2
v40 61 2 14
v40 62 12 8
v40 63 1 6
v40 64 4 15
v41 1 10 3
v41 2 9 6
v41 3 14 9
v41 4 15 4
v41 5 14 6
v41 6 15 13
v41 7 15 9
v41 8 9 9
v41 9 4 5
v41 10 15 10
v41 11 2 6
v41 12 1 1
v41 13 10 3
v41 14 12 11
v41 15 5 10
v41 16 7 8
v41 17 2 0
v41 18 15 3
v41 19 6 6
v41 20 15 1
v41 21 10 5
v41 22 15 7
v41 23 9 15
v41 24 14 12
v41 25 13 8
v41 26 8 5
v41 27 4 5
v41 28 15 1
v41 29 4 1
v41 30 5 5
v41 31 2 2
v41 32 9 12
v41 33 12 1
v41 34 1 6
v41 35 13 10
v41 36 13 9
v41 37 2 13
v41 38 0 13
v41 39 8 4
v41 40 9 11
v41 41 10 14
v41 42 7 10
v41 43 3 5
v41 44 15 3
v41 45 8 7
v41 46 11 6
v41 47 11 8
v41 48 9 0
v41 49 4 0
v41 50 9 14
v41 51 11 9
v41 52 9 11
v41 53 10 5
v41 54 13 11
v41 55 4 8
v41 56 4 12
v41 57 4 10
v41 58 4 11
v41 59 0 15
v41 60 13 6
v41 61 13 5
v41 62 11 13
v41 63 7 7
v41 64 10 8
v42 1 7 6
v42 2 2 14
v42 3 12 6
v42 4 12 12
v42 5 13 12
v42 6 1 2
v42 7 5 7
v42 8 0 9
v42 9 3 11
v42 10 8 1
v42 11 9 2
v42 12 5 0
v42 13 1 6
v42 14 3 4
v42 15 9 14
v42 16 13 11
v42 17 3 15
v42 18 2 15
v42 19 13 0
v42 20 6 11
v42 21 14 3
v42 22 7 3
v42 23 9 13
v42 24 8 11
v42 25 10 13
v42 26 2 6
v42 27 9 13
v42 28 5 5
v42 29 8 11
v42 30 1 5
v42 31 7 5
v42 32 4 0
v42 33 6 10
v42 34 11 1
v42 35 2 15
v42 36 4 6
v42 37 7 7
v42 38 10 2
v42 39 2 4
v42 40 7 9
v42 41 12 15
v42 42 7 8
v42 43 14 12
v42 44 3 5
v42 45 9 6
v42 46 2 4
v42 47 3 1
v42 48 12 10
v42 49 1 5
v42 50 0 9
v42 51 8 13
v42 52 7 9
v42 53 12 13
v42 54 5 1
v42 55 7 3
v42 56 7 3
v42 57 2 6
v42 58 11 10
v42 59 5 5
v42 60 4 0
v42 61 8 9
v42 62 10 4
v42 63 13 2
v42 64 15 6
v43 1 11 11
v43 2 7 2
v43 3 3 8
v43 4 8 7
v43 5 6 8
v43 6 9 7
v43 7 8 5
v43 8 4 1
v43 9 4 0
v43 10 6 15
v43 11 0 13
v43 12 10 8
v43 13 8 3
v43 14 2 2
v43 15 7 6
v43 16 4 14
v43 17 15 0
v43 18 7 0
v43 19 10 5
v43 20 15 5
v43 21 8 1
v43 22 13 11
v43 23 3 4
v43 24 9 12
v43 25 5 3
v43 26 7 7
v43 27 11 7
v43 28 15 4
v43 29 14 3
v43 30 2 11
v43 31 8 7
v43 32 0 0
v43 33 4 9
v43 34 7 0
v43 35 10 10
v43 36 10 6
v43 37 8 15
v43 38 12 9
v43 39 6 11
v43 40 14 13
v43 41 8 3
v43 42 15 4
v43 43 6 11
v43 44 8 9
v43 45 7 2
v43 46 2 8
v43 47 8 3
v43 48 8 6
v43 49 9 4
v43 50 0 4
v43 51 1 8
v43 52 15 13
v43 53 8 4
v43 54 7 0
v43 55 10 15
v43 56 10 5
v43 57 15 14
v43 58 9 7
v43 59 1 9
v43 60 11 12
v43 61 15 7
v43 62 2 14
v43 63 3 6
v43 64 3 15
v44 1 4 9
v44 2 15 8
v44 3 0 5
v44 4 12 3
v44 5 12 14
v44 6 11 10
v44 7 13 8
v44 8 9 8
v44 9 4 8
v44 10 6 2
v44 11 3 10
v44 12 7 7
v44 13 3 13
v44 14 5 14
v44 15 11 10
v44 16 6 11
v44 17 9 8
v44 18 13 10
v44 19 9 14
v44 20 7 0
v44 21 3 13
v44 22 7 11
v44 23 12 7
v44 24 14 8
v44 25 5 2
v44 26 5 13
v44 27 14 15
v44 28 10 13
v44 29 12 4
v44 30 8 3
v44 31 6 4
v44 32 3 15
v44 33 13 11
v44 34 10 12
v44 35 0 9
v44 36 15 15
v44 37 4 2
v44 38 13 15
v44 39 15 5
v44 40 14 14
v44 41 12 12
v44 42 8 14
v44 43 12 14
v44 44 7 14
v44 45 11 15
v44 46 6 11
v44 47 14 8
v44 48 7 6
v44 49 0 10
v44 50 8 11
v44 51 1 0
v44 52 15 0
v44 53 3 14
v44 54 3 6
v44 55 0 12
v44 56 11 3
v44 57 9 13
v44 58 0 0
v44 59 9 8
v44 60 9 7
v44 61 10 3
v44 62 15 8
v44 63 1 3
v44 64 15 3
v45 1 6 4
v45 2 11 4
v45 3 6 9
v45 4 8 14
v45 5 11 7
v45 6 9 8
v45 7 2 11
v45 8 2 7
v45 9 0 10
v45 10 9 2
v45 11 3 10
v45 12 5 6
v45 13 6 10
v45 14 1 14
v45 15 1 12
v45 16 4 8
v45 17 0 5
v45 18 10 3
v45 19 9 4
v45 20 1 2
v45 21 7 10
v45 22 13 11
v45 23 10 9
v45 24 4 10
v45 25 5 2
v45 26 9 0
v45 27 8 9
v45 28 2 12
v45 29 8 12
v45 30 1 9
v45 31 15 8
v45 32 0 5
v45 33 13 7
v45 34 4 1
v45 35 4 12
v45 36 8 13
v45 37 10 8
v45 38 12 3
v45 39 11 11
v45 40 6 10
v45 41 14 10
v45 42 6 11
v45 43 10 4
v45 44 1 4
v45 45 12 1
v45 46 12 11
v45 47 4 0
v45 48 6 0
v45 49 10 14
v45 50 0 3
v45 51 2 15
v45 52 15 8
v45 53 5 7
v45 54 1 8
v45 55 3 2
v45 56 15 7
v45 57 8 2
v45 58 9 11
v45 59 1 7
v45 60 5 5
v45 61 9 9
v45 62 7 2
v45 63 13 0
v45 64 11 2
v46 1 3 12
v46 2 8 8
v46 3 2 0
v46 4 8 3
v46 5 15 4
v46 6 15 5
v46 7 13 0
v46 8 4 9
v46 9 7 7
v46 10 4 7
v46 11 0 10
v46 12 11 6
v46 13 12 4
v46 14 2 4
v46 15 10 6
v46 16 10 5
v46 17 5 1
v46 18 8 14
v46 19 3 4
v46 20 8 13
v46 21 14 15
v46 22 9 14
v46 23 14 5
v46 24 13 15
v46 25 4 9
v46 26 9 9
v46 27 6 7
v46 28 5 2
v46 29 8 4
v46 30 12 3
v46 31 14 14
v46 32 4 7
v46 33 0 10
v46 34 8 15
v46 35 11 4
v46 36 0 5
v46 37 1 6
v46 38 8 9
v46 39 2 4
v46 40 2 3
v46 41 4 4
v46 42 3 14
v46 43 9 15
v46 44 15 13
v46 45 6 3
v46 46 3 1
v46 47 15 14
v46 48 6 7
v46 49 6 0
v46 50 3 14
v46 51 7 15
v46 52 0 5
v46 53 0 0
v46 54 10 9
v46 55 10 11
v46 56 6 3
v46 57 11 14
v46 58 12 6
v46 59 12 1
v46 60 5 0
v46 61 2 5
v46 62 3 6
v46 63 13 1
v46 64 5 5
v47 1 2 12
v47 2 9 15
v47 3 4 9
v47 4 8 11
v47 5 11 0
v47 6 4 12
v47 7 5 6
v47 8 10 9
v47 9 14 13
v47 10 13 12
v47 11 2 11
v47 12 7 5
v47 13 11 2
v47 14 9 1
v47 15 7 11
v47 16 3 6
v47 17 13 8
v47 18 13 7
v47 19 3 5
v47 20 12 8
v47 21 4 9
v47 22 1 13
v47 23 1 2
v47 24 12 13
v47 25 7 3
v47 26 12 9
v47 27 2 6
v47 28 9 15
v47 29 3 0
v47 30 15 2
v47 31 6 5
v47 32 1 6
v47 33 7 4
v47 34 10 10
v47 35 15 0
v47 36 15 4
v47 37 0 12
v47 38 14 5
v47 39 3 7
v47 40 9 5
v47 41 11 9
v47 42 4 14
v47 43 6 15
v47 44 4 3
v47 45 14 0
v47 46 9 11
v47 47 5 5
v47 48 0 3
v47 49 0 10
v47 50 8 14
v47 51 5 6
v47 52 3 4
v47 53 8 2
v47 54 13 2
v47 55 10 8
v47 56 15 7
v47 57 1 2
v47 58 9 0
v47 59 9 10
v47 60 0 5
v47 61 11 7
v47 62 12 8
v47 63 11 11
v47 64 13 3
v48 1 0 8
v48 2 8 11
v48 3 11 8
v48 4 4 11
v48 5 4 12
v48 6 1 14
v48 7 4 0
v48 8 6 4
v48 9 14 7
v48 10 10 15
v48 11 4 6
v48 12 10 7
v48 13 5 11
v48 14 6 7
v48 15 9 10
v48 16 11 10
v48 17 10 2
v48 18 12 6
v48 19 6 13
v48 20 2 4
v48 21 9 9
v48 22 3 8
v48 23 8 3
v48 24 1 9
v48 25 11 15
v48 26 13 2
v48 27 8 12
v48 28 5 8
v48 29 4 4
v48 30 12 12
v48 31 13 11
v48 32 15 1
v48 33 1 7
v48 34 7 13
v48 35 9 5
v48 36 12 7
v48 37 4 15
v48 38 10 9
v48 39 14 8
v48 40 15 12
v48 41 0 9
v48 42 13 12
v48 43 5 14
v48 44 2 15
v48 45 0 11
v48 46 7 7
v48 47 7 10
v48 48 6 4
v48 49 7 0
v48 50 13 3
v48 51 13 0
v48 52 13 1
v48 53 13 8
v48 54 8 8
v48 55 8 2
v48 56 14 13
v48 57 12 10
v48 58 6 6
v48 59 14 10
v48 60 9 3
v48 61 13 1
v48 62 6 5
v48 63 9 6
v48 64 2 8
v49 1 5 13
v49 2 11 5
v49 3 2 10
v49 4 12 1
v49 5 8 6
v49 6 12 12
v49 7 4 10
v49 8 6 14
v49 9 2 2
v49 10 11 3
v49 11 9 11
v49 12 8 10
v49 13 3 0
v49 14 11 0
v49 15 11 3
v49 16 7 14
v49 17 11 12
v49 18 4 11
v49 19 7 15
v49 20 9 7
v49 21 9 15
v49 22 3 15
v49 23 7 4
v49 24 14 10
v49 25 13 12
v49 26 11 4
v49 27 7 3
v49 28 2 3
v49 29 2 8
v49 30 0 7
v49 31 0 6
v49 32 3 3
v49 33 0 12
v49 34 2 13
v49 35 10 0
v49 36 3 1
v49 37 4 11
v49 38 3 5
v49 39 4 8
v49 40 14 4
v49 41 7 11
v49 42 11 9
v49 43 1 8
v49 44 3 11
v49 45 1 5
v49 46 1 2
v49 47 10 3
v49 48 2 11
v49 49 7 3
v49 50 15 7
v49 51 8 11
v49 52 8 14
v49 53 0 5
v49 54 9 7
v49 55 0 13
v49 56 12 15
v49 57 5 7
v49 58 8 10
v49 59 9 12
v49 60 13 2
v49 61 7 15
v49 62 5 5
v49 63 15 9
v49 64 5 8
