0 42946 0.42901151242031166
1 15191 0.2656419141875973
2 8243 0.19690277252622432
3 5384 0.1592485914996517
4 3821 0.13553235253668208
5 2990 0.11926756788462517
6 2290 0.10746280926987269
7 1933 0.09854712246129997
8 1555 0.09161617048651031
9 1356 0.08611256074054657
10 1159 0.08167417720977438
11 1064 0.0780557911800613
12 934 0.07508571662961751
13 784 0.07264049898025476
14 742 0.07062945545857865
15 676 0.06898487293431768
16 593 0.06765559583562256
17 557 0.06660272203313328
18 511 0.06579665346876078
19 425 0.06521504442282215
20 434 0.06484136243606015
21 419 0.0646638804545725
22 376 0.06467498318016213
23 385 0.06487071212576156
24 355 0.06525050179852546
25 336 0.0658170793206324
26 287 0.06657651516413596
27 285 0.06753842594721712
28 264 0.06871634333885576
29 254 0.07012827789066177
30 240 0.07179752520900835
31 240 0.07375378722462571
32 234 0.07603471780870595
33 201 0.07868805664951431
34 239 0.08177459984250647
35 197 0.08537239023154178
36 165 0.08958273110927066
37 165 0.09453899973299246
38 161 0.10041988925270724
39 170 0.10746989307522037
40 167 0.11603209776351063
41 143 0.12660285452045633
42 159 0.13992747002540815
43 151 0.15717793316777137
44 166 0.1803083835203262
45 122 0.21283715729843777
46 158 0.26180191860652896
47 126 0.3436250718553887
48 129 0.5075754355198757
49 118 0.9999999999997317
